   {1.0000,0.0000,0.0000,0.0000,0.0000,0.8660,-0.5000,0.0000,0.0000,0.5000,0.8660,0.0000},
   {1.0000,0.0004,0.0016,0.0075,0.0004,0.8660,-0.5000,0.0113,-0.0016,0.5000,0.8660,0.0377},
   {1.0000,0.0008,0.0032,0.0151,0.0008,0.8660,-0.5000,0.0226,-0.0032,0.5000,0.8660,0.0754},
   {1.0000,0.0013,0.0047,0.0226,0.0013,0.8660,-0.5000,0.0339,-0.0047,0.5000,0.8660,0.1131},
   {1.0000,0.0017,0.0063,0.0302,0.0017,0.8660,-0.5000,0.0452,-0.0063,0.5000,0.8660,0.1508},
   {1.0000,0.0021,0.0079,0.0377,0.0021,0.8661,-0.4999,0.0565,-0.0079,0.4999,0.8660,0.1885},
   {1.0000,0.0025,0.0095,0.0452,0.0025,0.8661,-0.4999,0.0679,-0.0095,0.4999,0.8660,0.2262},
   {0.9999,0.0030,0.0111,0.0528,0.0030,0.8661,-0.4999,0.0792,-0.0111,0.4999,0.8660,0.2639},
   {0.9999,0.0034,0.0126,0.0603,0.0034,0.8661,-0.4998,0.0905,-0.0126,0.4998,0.8660,0.3016},
   {0.9999,0.0038,0.0142,0.0679,0.0038,0.8661,-0.4998,0.1018,-0.0142,0.4998,0.8660,0.3393},
   {0.9999,0.0042,0.0158,0.0754,0.0042,0.8662,-0.4998,0.1131,-0.0158,0.4998,0.8660,0.3770},
   {0.9998,0.0047,0.0174,0.0829,0.0047,0.8662,-0.4997,0.1244,-0.0174,0.4997,0.8660,0.4147},
   {0.9998,0.0051,0.0189,0.0905,0.0051,0.8662,-0.4996,0.1357,-0.0189,0.4996,0.8660,0.4524},
   {0.9998,0.0055,0.0205,0.0980,0.0055,0.8663,-0.4996,0.1470,-0.0205,0.4996,0.8660,0.4901},
   {0.9997,0.0059,0.0221,0.1056,0.0059,0.8663,-0.4995,0.1583,-0.0221,0.4995,0.8660,0.5278},
   {0.9997,0.0063,0.0237,0.1131,0.0063,0.8663,-0.4994,0.1696,-0.0237,0.4994,0.8660,0.5655},
   {0.9997,0.0068,0.0253,0.1206,0.0068,0.8664,-0.4994,0.1810,-0.0253,0.4994,0.8660,0.6032},
   {0.9996,0.0072,0.0268,0.1282,0.0072,0.8664,-0.4993,0.1923,-0.0268,0.4993,0.8660,0.6409},
   {0.9996,0.0076,0.0284,0.1357,0.0076,0.8665,-0.4992,0.2036,-0.0284,0.4992,0.8660,0.6786},
   {0.9995,0.0080,0.0300,0.1433,0.0080,0.8665,-0.4991,0.2149,-0.0300,0.4991,0.8660,0.7163},
   {0.9995,0.0084,0.0316,0.1508,0.0084,0.8666,-0.4990,0.2262,-0.0316,0.4990,0.8660,0.7540},
   {0.9994,0.0089,0.0331,0.1583,0.0089,0.8666,-0.4989,0.2375,-0.0331,0.4989,0.8660,0.7916},
   {0.9994,0.0093,0.0347,0.1659,0.0093,0.8667,-0.4988,0.2488,-0.0347,0.4988,0.8660,0.8293},
   {0.9993,0.0097,0.0363,0.1734,0.0097,0.8667,-0.4987,0.2601,-0.0363,0.4987,0.8660,0.8670},
   {0.9992,0.0101,0.0379,0.1809,0.0101,0.8668,-0.4986,0.2714,-0.0379,0.4986,0.8660,0.9047},
   {0.9992,0.0105,0.0394,0.1885,0.0105,0.8669,-0.4984,0.2827,-0.0394,0.4984,0.8660,0.9424},
   {0.9991,0.0110,0.0410,0.1960,0.0110,0.8669,-0.4983,0.2940,-0.0410,0.4983,0.8660,0.9801},
   {0.9990,0.0114,0.0426,0.2036,0.0114,0.8670,-0.4982,0.3053,-0.0426,0.4982,0.8660,1.0178},
   {0.9990,0.0118,0.0442,0.2111,0.0118,0.8671,-0.4980,0.3166,-0.0442,0.4980,0.8660,1.0555},
   {0.9989,0.0122,0.0457,0.2186,0.0122,0.8671,-0.4979,0.3280,-0.0457,0.4979,0.8660,1.0932},
   {0.9988,0.0126,0.0473,0.2262,0.0126,0.8672,-0.4978,0.3393,-0.0473,0.4978,0.8660,1.1309},
   {0.9987,0.0130,0.0489,0.2337,0.0130,0.8673,-0.4976,0.3506,-0.0489,0.4976,0.8660,1.1686},
   {0.9986,0.0134,0.0504,0.2413,0.0134,0.8674,-0.4974,0.3619,-0.0504,0.4974,0.8660,1.2063},
   {0.9986,0.0139,0.0520,0.2488,0.0139,0.8675,-0.4973,0.3732,-0.0520,0.4973,0.8660,1.2439},
   {0.9985,0.0143,0.0536,0.2563,0.0143,0.8676,-0.4971,0.3845,-0.0536,0.4971,0.8660,1.2816},
   {0.9984,0.0147,0.0552,0.2639,0.0147,0.8677,-0.4969,0.3958,-0.0552,0.4969,0.8660,1.3193},
   {0.9983,0.0151,0.0567,0.2714,0.0151,0.8677,-0.4968,0.4071,-0.0567,0.4968,0.8660,1.3570},
   {0.9982,0.0155,0.0583,0.2789,0.0155,0.8678,-0.4966,0.4184,-0.0583,0.4966,0.8660,1.3947},
   {0.9981,0.0159,0.0599,0.2865,0.0159,0.8679,-0.4964,0.4297,-0.0599,0.4964,0.8660,1.4324},
   {0.9980,0.0163,0.0614,0.2940,0.0163,0.8680,-0.4962,0.4410,-0.0614,0.4962,0.8660,1.4701},
   {0.9979,0.0167,0.0630,0.3015,0.0167,0.8682,-0.4960,0.4523,-0.0630,0.4960,0.8660,1.5077},
   {0.9978,0.0172,0.0646,0.3091,0.0172,0.8683,-0.4958,0.4636,-0.0646,0.4958,0.8660,1.5454},
   {0.9977,0.0176,0.0661,0.3166,0.0176,0.8684,-0.4956,0.4749,-0.0661,0.4956,0.8660,1.5831},
   {0.9975,0.0180,0.0677,0.3242,0.0180,0.8685,-0.4954,0.4862,-0.0677,0.4954,0.8660,1.6208},
   {0.9974,0.0184,0.0693,0.3317,0.0184,0.8686,-0.4952,0.4975,-0.0693,0.4952,0.8660,1.6585},
   {0.9973,0.0188,0.0708,0.3392,0.0188,0.8687,-0.4950,0.5088,-0.0708,0.4950,0.8660,1.6961},
   {0.9972,0.0192,0.0724,0.3468,0.0192,0.8688,-0.4947,0.5201,-0.0724,0.4947,0.8660,1.7338},
   {0.9971,0.0196,0.0739,0.3543,0.0196,0.8690,-0.4945,0.5314,-0.0739,0.4945,0.8660,1.7715},
   {0.9969,0.0200,0.0755,0.3618,0.0200,0.8691,-0.4943,0.5427,-0.0755,0.4943,0.8660,1.8092},
   {0.9968,0.0204,0.0771,0.3694,0.0204,0.8692,-0.4940,0.5541,-0.0771,0.4940,0.8660,1.8468},
   {0.9967,0.0208,0.0786,0.3769,0.0208,0.8693,-0.4938,0.5654,-0.0786,0.4938,0.8660,1.8845},
   {0.9966,0.0212,0.0802,0.3844,0.0212,0.8695,-0.4935,0.5767,-0.0802,0.4935,0.8660,1.9222},
   {0.9964,0.0216,0.0817,0.3920,0.0216,0.8696,-0.4933,0.5880,-0.0817,0.4933,0.8660,1.9599},
   {0.9963,0.0220,0.0833,0.3995,0.0220,0.8697,-0.4930,0.5993,-0.0833,0.4930,0.8660,1.9975},
   {0.9961,0.0224,0.0849,0.4070,0.0224,0.8699,-0.4927,0.6106,-0.0849,0.4927,0.8660,2.0352},
   {0.9960,0.0228,0.0864,0.4146,0.0228,0.8700,-0.4925,0.6219,-0.0864,0.4925,0.8660,2.0729},
   {0.9959,0.0232,0.0880,0.4221,0.0232,0.8702,-0.4922,0.6332,-0.0880,0.4922,0.8660,2.1105},
   {0.9957,0.0236,0.0895,0.4296,0.0236,0.8703,-0.4919,0.6445,-0.0895,0.4919,0.8660,2.1482},
   {0.9956,0.0240,0.0911,0.4372,0.0240,0.8705,-0.4916,0.6558,-0.0911,0.4916,0.8660,2.1859},
   {0.9954,0.0244,0.0926,0.4447,0.0244,0.8706,-0.4913,0.6671,-0.0926,0.4913,0.8660,2.2235},
   {0.9952,0.0248,0.0942,0.4522,0.0248,0.8708,-0.4911,0.6784,-0.0942,0.4911,0.8660,2.2612},
   {0.9951,0.0252,0.0957,0.4598,0.0252,0.8709,-0.4908,0.6897,-0.0957,0.4908,0.8660,2.2988},
   {0.9949,0.0256,0.0973,0.4673,0.0256,0.8711,-0.4904,0.7009,-0.0973,0.4904,0.8660,2.3365},
   {0.9948,0.0260,0.0988,0.4748,0.0260,0.8713,-0.4901,0.7122,-0.0988,0.4901,0.8660,2.3742},
   {0.9946,0.0263,0.1004,0.4824,0.0263,0.8714,-0.4898,0.7235,-0.1004,0.4898,0.8660,2.4118},
   {0.9944,0.0267,0.1019,0.4899,0.0267,0.8716,-0.4895,0.7348,-0.1019,0.4895,0.8660,2.4495},
   {0.9943,0.0271,0.1035,0.4974,0.0271,0.8718,-0.4892,0.7461,-0.1035,0.4892,0.8660,2.4871},
   {0.9941,0.0275,0.1050,0.5050,0.0275,0.8719,-0.4889,0.7574,-0.1050,0.4889,0.8660,2.5248},
   {0.9939,0.0279,0.1065,0.5125,0.0279,0.8721,-0.4885,0.7687,-0.1065,0.4885,0.8660,2.5624},
   {0.9937,0.0283,0.1081,0.5200,0.0283,0.8723,-0.4882,0.7800,-0.1081,0.4882,0.8660,2.6001},
   {0.9936,0.0287,0.1096,0.5275,0.0287,0.8725,-0.4878,0.7913,-0.1096,0.4878,0.8660,2.6377},
   {0.9934,0.0290,0.1112,0.5351,0.0290,0.8726,-0.4875,0.8026,-0.1112,0.4875,0.8660,2.6754},
   {0.9932,0.0294,0.1127,0.5426,0.0294,0.8728,-0.4871,0.8139,-0.1127,0.4871,0.8660,2.7130},
   {0.9930,0.0298,0.1142,0.5501,0.0298,0.8730,-0.4868,0.8252,-0.1142,0.4868,0.8660,2.7506},
   {0.9928,0.0302,0.1158,0.5577,0.0302,0.8732,-0.4864,0.8365,-0.1158,0.4864,0.8660,2.7883},
   {0.9926,0.0306,0.1173,0.5652,0.0306,0.8734,-0.4860,0.8478,-0.1173,0.4860,0.8660,2.8259},
   {0.9924,0.0309,0.1188,0.5727,0.0309,0.8736,-0.4857,0.8591,-0.1188,0.4857,0.8660,2.8636},
   {0.9922,0.0313,0.1204,0.5802,0.0313,0.8738,-0.4853,0.8704,-0.1204,0.4853,0.8660,2.9012},
   {0.9920,0.0317,0.1219,0.5878,0.0317,0.8740,-0.4849,0.8817,-0.1219,0.4849,0.8660,2.9388},
   {0.9918,0.0320,0.1234,0.5953,0.0320,0.8742,-0.4845,0.8929,-0.1234,0.4845,0.8660,2.9765},
   {0.9916,0.0324,0.1250,0.6028,0.0324,0.8744,-0.4841,0.9042,-0.1250,0.4841,0.8660,3.0141},
   {0.9914,0.0328,0.1265,0.6103,0.0328,0.8746,-0.4837,0.9155,-0.1265,0.4837,0.8660,3.0517},
   {0.9912,0.0332,0.1280,0.6179,0.0332,0.8748,-0.4833,0.9268,-0.1280,0.4833,0.8660,3.0894},
   {0.9910,0.0335,0.1295,0.6254,0.0335,0.8750,-0.4829,0.9381,-0.1295,0.4829,0.8660,3.1270},
   {0.9908,0.0339,0.1311,0.6329,0.0339,0.8752,-0.4825,0.9494,-0.1311,0.4825,0.8660,3.1646},
   {0.9906,0.0343,0.1326,0.6404,0.0343,0.8754,-0.4821,0.9607,-0.1326,0.4821,0.8660,3.2022},
   {0.9904,0.0346,0.1341,0.6480,0.0346,0.8757,-0.4817,0.9720,-0.1341,0.4817,0.8660,3.2399},
   {0.9901,0.0350,0.1356,0.6555,0.0350,0.8759,-0.4813,0.9832,-0.1356,0.4813,0.8660,3.2775},
   {0.9899,0.0353,0.1371,0.6630,0.0353,0.8761,-0.4808,0.9945,-0.1371,0.4808,0.8660,3.3151},
   {0.9897,0.0357,0.1387,0.6705,0.0357,0.8763,-0.4804,1.0058,-0.1387,0.4804,0.8660,3.3527},
   {0.9895,0.0361,0.1402,0.6781,0.0361,0.8766,-0.4800,1.0171,-0.1402,0.4800,0.8660,3.3903},
   {0.9892,0.0364,0.1417,0.6856,0.0364,0.8768,-0.4795,1.0284,-0.1417,0.4795,0.8660,3.4279},
   {0.9890,0.0368,0.1432,0.6931,0.0368,0.8770,-0.4791,1.0397,-0.1432,0.4791,0.8660,3.4655},
   {0.9888,0.0371,0.1447,0.7006,0.0371,0.8772,-0.4786,1.0509,-0.1447,0.4786,0.8660,3.5031},
   {0.9885,0.0375,0.1462,0.7082,0.0375,0.8775,-0.4781,1.0622,-0.1462,0.4781,0.8660,3.5408},
   {0.9883,0.0378,0.1477,0.7157,0.0378,0.8777,-0.4777,1.0735,-0.1477,0.4777,0.8660,3.5784},
   {0.9881,0.0382,0.1492,0.7232,0.0382,0.8780,-0.4772,1.0848,-0.1492,0.4772,0.8660,3.6160},
   {0.9878,0.0385,0.1507,0.7307,0.0385,0.8782,-0.4767,1.0961,-0.1507,0.4767,0.8660,3.6536},
   {0.9876,0.0389,0.1522,0.7382,0.0389,0.8784,-0.4763,1.1073,-0.1522,0.4763,0.8660,3.6912},
   {0.9873,0.0392,0.1537,0.7457,0.0392,0.8787,-0.4758,1.1186,-0.1537,0.4758,0.8660,3.7287},
   {0.9871,0.0395,0.1552,0.7533,0.0395,0.8789,-0.4753,1.1299,-0.1552,0.4753,0.8660,3.7663},
   {0.9868,0.0399,0.1567,0.7608,0.0399,0.8792,-0.4748,1.1412,-0.1567,0.4748,0.8660,3.8039},
   {0.9866,0.0402,0.1582,0.7683,0.0402,0.8794,-0.4743,1.1525,-0.1582,0.4743,0.8660,3.8415},
   {0.9863,0.0406,0.1597,0.7758,0.0406,0.8797,-0.4738,1.1637,-0.1597,0.4738,0.8660,3.8791},
   {0.9861,0.0409,0.1612,0.7833,0.0409,0.8800,-0.4733,1.1750,-0.1612,0.4733,0.8660,3.9167},
   {0.9858,0.0412,0.1627,0.7909,0.0412,0.8802,-0.4728,1.1863,-0.1627,0.4728,0.8660,3.9543},
   {0.9856,0.0416,0.1642,0.7984,0.0416,0.8805,-0.4723,1.1976,-0.1642,0.4723,0.8660,3.9919},
   {0.9853,0.0419,0.1657,0.8059,0.0419,0.8807,-0.4717,1.2088,-0.1657,0.4717,0.8660,4.0294},
   {0.9850,0.0422,0.1672,0.8134,0.0422,0.8810,-0.4712,1.2201,-0.1672,0.4712,0.8660,4.0670},
   {0.9848,0.0425,0.1687,0.8209,0.0425,0.8813,-0.4707,1.2314,-0.1687,0.4707,0.8660,4.1046},
   {0.9845,0.0429,0.1701,0.8284,0.0429,0.8815,-0.4702,1.2426,-0.1701,0.4702,0.8660,4.1421},
   {0.9842,0.0432,0.1716,0.8359,0.0432,0.8818,-0.4696,1.2539,-0.1716,0.4696,0.8660,4.1797},
   {0.9839,0.0435,0.1731,0.8435,0.0435,0.8821,-0.4691,1.2652,-0.1731,0.4691,0.8660,4.2173},
   {0.9837,0.0438,0.1746,0.8510,0.0438,0.8824,-0.4685,1.2765,-0.1746,0.4685,0.8660,4.2548},
   {0.9834,0.0442,0.1761,0.8585,0.0442,0.8826,-0.4680,1.2877,-0.1761,0.4680,0.8660,4.2924},
   {0.9831,0.0445,0.1775,0.8660,0.0445,0.8829,-0.4674,1.2990,-0.1775,0.4674,0.8660,4.3300},
   {0.9828,0.0448,0.1790,0.8735,0.0448,0.8832,-0.4669,1.3103,-0.1790,0.4669,0.8660,4.3675},
   {0.9825,0.0451,0.1805,0.8810,0.0451,0.8835,-0.4663,1.3215,-0.1805,0.4663,0.8660,4.4051},
   {0.9823,0.0454,0.1820,0.8885,0.0454,0.8838,-0.4657,1.3328,-0.1820,0.4657,0.8660,4.4426},
   {0.9820,0.0457,0.1834,0.8960,0.0457,0.8841,-0.4651,1.3441,-0.1834,0.4651,0.8660,4.4802},
   {0.9817,0.0460,0.1849,0.9035,0.0460,0.8843,-0.4646,1.3553,-0.1849,0.4646,0.8660,4.5177},
   {0.9814,0.0463,0.1863,0.9111,0.0463,0.8846,-0.4640,1.3666,-0.1863,0.4640,0.8660,4.5553},
   {0.9811,0.0466,0.1878,0.9186,0.0466,0.8849,-0.4634,1.3778,-0.1878,0.4634,0.8660,4.5928},
   {0.9808,0.0469,0.1893,0.9261,0.0469,0.8852,-0.4628,1.3891,-0.1893,0.4628,0.8660,4.6303},
   {0.9805,0.0472,0.1907,0.9336,0.0472,0.8855,-0.4622,1.4004,-0.1907,0.4622,0.8660,4.6679},
   {0.9802,0.0475,0.1922,0.9411,0.0475,0.8858,-0.4616,1.4116,-0.1922,0.4616,0.8660,4.7054},
   {0.9799,0.0478,0.1936,0.9486,0.0478,0.8861,-0.4610,1.4229,-0.1936,0.4610,0.8660,4.7429},
   {0.9796,0.0481,0.1951,0.9561,0.0481,0.8864,-0.4604,1.4341,-0.1951,0.4604,0.8660,4.7805},
   {0.9793,0.0484,0.1965,0.9636,0.0484,0.8867,-0.4598,1.4454,-0.1965,0.4598,0.8660,4.8180},
   {0.9790,0.0487,0.1980,0.9711,0.0487,0.8870,-0.4591,1.4567,-0.1980,0.4591,0.8660,4.8555},
   {0.9787,0.0490,0.1994,0.9786,0.0490,0.8873,-0.4585,1.4679,-0.1994,0.4585,0.8660,4.8930},
   {0.9784,0.0493,0.2009,0.9861,0.0493,0.8877,-0.4579,1.4792,-0.2009,0.4579,0.8660,4.9306},
   {0.9781,0.0496,0.2023,0.9936,0.0496,0.8880,-0.4572,1.4904,-0.2023,0.4572,0.8660,4.9681},
   {0.9778,0.0499,0.2038,1.0011,0.0499,0.8883,-0.4566,1.5017,-0.2038,0.4566,0.8660,5.0056},
   {0.9774,0.0501,0.2052,1.0086,0.0501,0.8886,-0.4560,1.5129,-0.2052,0.4560,0.8660,5.0431},
   {0.9771,0.0504,0.2066,1.0161,0.0504,0.8889,-0.4553,1.5242,-0.2066,0.4553,0.8660,5.0806},
   {0.9768,0.0507,0.2081,1.0236,0.0507,0.8892,-0.4547,1.5354,-0.2081,0.4547,0.8660,5.1181},
   {0.9765,0.0510,0.2095,1.0311,0.0510,0.8895,-0.4540,1.5467,-0.2095,0.4540,0.8660,5.1556},
   {0.9762,0.0512,0.2109,1.0386,0.0512,0.8899,-0.4533,1.5579,-0.2109,0.4533,0.8660,5.1931},
   {0.9758,0.0515,0.2124,1.0461,0.0515,0.8902,-0.4527,1.5692,-0.2124,0.4527,0.8660,5.2306},
   {0.9755,0.0518,0.2138,1.0536,0.0518,0.8905,-0.4520,1.5804,-0.2138,0.4520,0.8660,5.2681},
   {0.9752,0.0520,0.2152,1.0611,0.0520,0.8908,-0.4513,1.5917,-0.2152,0.4513,0.8660,5.3056},
   {0.9749,0.0523,0.2166,1.0686,0.0523,0.8912,-0.4506,1.6029,-0.2166,0.4506,0.8660,5.3431},
   {0.9745,0.0526,0.2180,1.0761,0.0526,0.8915,-0.4500,1.6142,-0.2180,0.4500,0.8660,5.3805},
   {0.9742,0.0528,0.2195,1.0836,0.0528,0.8918,-0.4493,1.6254,-0.2195,0.4493,0.8660,5.4180},
   {0.9739,0.0531,0.2209,1.0911,0.0531,0.8922,-0.4486,1.6366,-0.2209,0.4486,0.8660,5.4555},
   {0.9735,0.0534,0.2223,1.0986,0.0534,0.8925,-0.4479,1.6479,-0.2223,0.4479,0.8660,5.4930},
   {0.9732,0.0536,0.2237,1.1061,0.0536,0.8928,-0.4472,1.6591,-0.2237,0.4472,0.8660,5.5304},
   {0.9728,0.0539,0.2251,1.1136,0.0539,0.8932,-0.4465,1.6704,-0.2251,0.4465,0.8660,5.5679},
   {0.9725,0.0541,0.2265,1.1211,0.0541,0.8935,-0.4458,1.6816,-0.2265,0.4458,0.8660,5.6054},
   {0.9722,0.0544,0.2279,1.1286,0.0544,0.8939,-0.4450,1.6928,-0.2279,0.4450,0.8660,5.6428},
   {0.9718,0.0546,0.2293,1.1361,0.0546,0.8942,-0.4443,1.7041,-0.2293,0.4443,0.8660,5.6803},
   {0.9715,0.0548,0.2307,1.1435,0.0548,0.8945,-0.4436,1.7153,-0.2307,0.4436,0.8660,5.7177},
   {0.9711,0.0551,0.2321,1.1510,0.0551,0.8949,-0.4429,1.7266,-0.2321,0.4429,0.8660,5.7552},
   {0.9708,0.0553,0.2335,1.1585,0.0553,0.8952,-0.4421,1.7378,-0.2335,0.4421,0.8660,5.7926},
   {0.9704,0.0556,0.2349,1.1660,0.0556,0.8956,-0.4414,1.7490,-0.2349,0.4414,0.8660,5.8301},
   {0.9701,0.0558,0.2363,1.1735,0.0558,0.8959,-0.4407,1.7603,-0.2363,0.4407,0.8660,5.8675},
   {0.9697,0.0560,0.2377,1.1810,0.0560,0.8963,-0.4399,1.7715,-0.2377,0.4399,0.8660,5.9049},
   {0.9694,0.0563,0.2390,1.1885,0.0563,0.8966,-0.4392,1.7827,-0.2390,0.4392,0.8660,5.9424},
   {0.9690,0.0565,0.2404,1.1960,0.0565,0.8970,-0.4384,1.7939,-0.2404,0.4384,0.8660,5.9798},
   {0.9687,0.0567,0.2418,1.2034,0.0567,0.8974,-0.4376,1.8052,-0.2418,0.4376,0.8660,6.0172},
   {0.9683,0.0569,0.2432,1.2109,0.0569,0.8977,-0.4369,1.8164,-0.2432,0.4369,0.8660,6.0547},
   {0.9679,0.0572,0.2446,1.2184,0.0572,0.8981,-0.4361,1.8276,-0.2446,0.4361,0.8660,6.0921},
   {0.9676,0.0574,0.2459,1.2259,0.0574,0.8984,-0.4353,1.8388,-0.2459,0.4353,0.8660,6.1295},
   {0.9672,0.0576,0.2473,1.2334,0.0576,0.8988,-0.4346,1.8501,-0.2473,0.4346,0.8660,6.1669},
   {0.9669,0.0578,0.2487,1.2409,0.0578,0.8992,-0.4338,1.8613,-0.2487,0.4338,0.8660,6.2043},
   {0.9665,0.0580,0.2500,1.2483,0.0580,0.8995,-0.4330,1.8725,-0.2500,0.4330,0.8660,6.2417},
   {0.9661,0.0582,0.2514,1.2558,0.0582,0.8999,-0.4322,1.8837,-0.2514,0.4322,0.8660,6.2791},
   {0.9658,0.0584,0.2527,1.2633,0.0584,0.9003,-0.4314,1.8950,-0.2527,0.4314,0.8660,6.3165},
   {0.9654,0.0586,0.2541,1.2708,0.0586,0.9006,-0.4306,1.9062,-0.2541,0.4306,0.8660,6.3539},
   {0.9650,0.0588,0.2555,1.2783,0.0588,0.9010,-0.4298,1.9174,-0.2555,0.4298,0.8660,6.3913},
   {0.9647,0.0590,0.2568,1.2857,0.0590,0.9014,-0.4290,1.9286,-0.2568,0.4290,0.8660,6.4287},
   {0.9643,0.0592,0.2582,1.2932,0.0592,0.9017,-0.4282,1.9398,-0.2582,0.4282,0.8660,6.4661},
   {0.9639,0.0594,0.2595,1.3007,0.0594,0.9021,-0.4274,1.9510,-0.2595,0.4274,0.8660,6.5035},
   {0.9635,0.0596,0.2608,1.3082,0.0596,0.9025,-0.4266,1.9623,-0.2608,0.4266,0.8660,6.5408},
   {0.9632,0.0598,0.2622,1.3156,0.0598,0.9029,-0.4257,1.9735,-0.2622,0.4257,0.8660,6.5782},
   {0.9628,0.0600,0.2635,1.3231,0.0600,0.9032,-0.4249,1.9847,-0.2635,0.4249,0.8660,6.6156},
   {0.9624,0.0602,0.2649,1.3306,0.0602,0.9036,-0.4241,1.9959,-0.2649,0.4241,0.8660,6.6530},
   {0.9620,0.0604,0.2662,1.3381,0.0604,0.9040,-0.4232,2.0071,-0.2662,0.4232,0.8660,6.6903},
   {0.9616,0.0606,0.2675,1.3455,0.0606,0.9044,-0.4224,2.0183,-0.2675,0.4224,0.8660,6.7277},
   {0.9613,0.0607,0.2689,1.3530,0.0607,0.9048,-0.4216,2.0295,-0.2689,0.4216,0.8660,6.7650},
   {0.9609,0.0609,0.2702,1.3605,0.0609,0.9051,-0.4207,2.0407,-0.2702,0.4207,0.8660,6.8024},
   {0.9605,0.0611,0.2715,1.3679,0.0611,0.9055,-0.4199,2.0519,-0.2715,0.4199,0.8660,6.8397},
   {0.9601,0.0613,0.2728,1.3754,0.0613,0.9059,-0.4190,2.0631,-0.2728,0.4190,0.8660,6.8771},
   {0.9597,0.0614,0.2741,1.3829,0.0614,0.9063,-0.4182,2.0743,-0.2741,0.4182,0.8660,6.9144},
   {0.9593,0.0616,0.2754,1.3903,0.0616,0.9067,-0.4173,2.0855,-0.2754,0.4173,0.8660,6.9517},
   {0.9590,0.0618,0.2768,1.3978,0.0618,0.9071,-0.4164,2.0967,-0.2768,0.4164,0.8660,6.9891},
   {0.9586,0.0619,0.2781,1.4053,0.0619,0.9075,-0.4155,2.1079,-0.2781,0.4155,0.8660,7.0264},
   {0.9582,0.0621,0.2794,1.4127,0.0621,0.9079,-0.4147,2.1191,-0.2794,0.4147,0.8660,7.0637},
   {0.9578,0.0622,0.2807,1.4202,0.0622,0.9082,-0.4138,2.1303,-0.2807,0.4138,0.8660,7.1010},
   {0.9574,0.0624,0.2820,1.4277,0.0624,0.9086,-0.4129,2.1415,-0.2820,0.4129,0.8660,7.1384},
   {0.9570,0.0625,0.2833,1.4351,0.0625,0.9090,-0.4120,2.1527,-0.2833,0.4120,0.8660,7.1757},
   {0.9566,0.0627,0.2846,1.4426,0.0627,0.9094,-0.4111,2.1639,-0.2846,0.4111,0.8660,7.2130},
   {0.9562,0.0628,0.2859,1.4501,0.0628,0.9098,-0.4102,2.1751,-0.2859,0.4102,0.8660,7.2503},
   {0.9558,0.0630,0.2871,1.4575,0.0630,0.9102,-0.4093,2.1863,-0.2871,0.4093,0.8660,7.2876},
   {0.9554,0.0631,0.2884,1.4650,0.0631,0.9106,-0.4084,2.1975,-0.2884,0.4084,0.8660,7.3249},
   {0.9550,0.0633,0.2897,1.4724,0.0633,0.9110,-0.4075,2.2086,-0.2897,0.4075,0.8660,7.3622},
   {0.9546,0.0634,0.2910,1.4799,0.0634,0.9114,-0.4066,2.2198,-0.2910,0.4066,0.8660,7.3994},
   {0.9542,0.0635,0.2923,1.4873,0.0635,0.9118,-0.4057,2.2310,-0.2923,0.4057,0.8660,7.4367},
   {0.9538,0.0637,0.2935,1.4948,0.0637,0.9122,-0.4048,2.2422,-0.2935,0.4048,0.8660,7.4740},
   {0.9534,0.0638,0.2948,1.5023,0.0638,0.9126,-0.4038,2.2534,-0.2948,0.4038,0.8660,7.5113},
   {0.9530,0.0639,0.2961,1.5097,0.0639,0.9130,-0.4029,2.2646,-0.2961,0.4029,0.8660,7.5485},
   {0.9526,0.0641,0.2973,1.5172,0.0641,0.9134,-0.4020,2.2757,-0.2973,0.4020,0.8660,7.5858},
   {0.9522,0.0642,0.2986,1.5246,0.0642,0.9138,-0.4010,2.2869,-0.2986,0.4010,0.8660,7.6231},
   {0.9518,0.0643,0.2999,1.5321,0.0643,0.9142,-0.4001,2.2981,-0.2999,0.4001,0.8660,7.6603},
   {0.9514,0.0644,0.3011,1.5395,0.0644,0.9146,-0.3992,2.3093,-0.3011,0.3992,0.8660,7.6976},
   {0.9510,0.0645,0.3024,1.5470,0.0645,0.9150,-0.3982,2.3204,-0.3024,0.3982,0.8660,7.7348},
   {0.9506,0.0646,0.3036,1.5544,0.0646,0.9154,-0.3973,2.3316,-0.3036,0.3973,0.8660,7.7721},
   {0.9502,0.0647,0.3049,1.5619,0.0647,0.9158,-0.3963,2.3428,-0.3049,0.3963,0.8660,7.8093},
   {0.9498,0.0649,0.3061,1.5693,0.0649,0.9162,-0.3953,2.3540,-0.3061,0.3953,0.8660,7.8465},
   {0.9494,0.0650,0.3074,1.5768,0.0650,0.9166,-0.3944,2.3651,-0.3074,0.3944,0.8660,7.8838},
   {0.9490,0.0651,0.3086,1.5842,0.0651,0.9171,-0.3934,2.3763,-0.3086,0.3934,0.8660,7.9210},
   {0.9486,0.0652,0.3098,1.5916,0.0652,0.9175,-0.3924,2.3875,-0.3098,0.3924,0.8660,7.9582},
   {0.9481,0.0653,0.3111,1.5991,0.0653,0.9179,-0.3915,2.3986,-0.3111,0.3915,0.8660,7.9954},
   {0.9477,0.0653,0.3123,1.6065,0.0653,0.9183,-0.3905,2.4098,-0.3123,0.3905,0.8660,8.0326},
   {0.9473,0.0654,0.3135,1.6140,0.0654,0.9187,-0.3895,2.4210,-0.3135,0.3895,0.8660,8.0699},
   {0.9469,0.0655,0.3147,1.6214,0.0655,0.9191,-0.3885,2.4321,-0.3147,0.3885,0.8660,8.1071},
   {0.9465,0.0656,0.3159,1.6289,0.0656,0.9195,-0.3875,2.4433,-0.3159,0.3875,0.8660,8.1443},
   {0.9461,0.0657,0.3172,1.6363,0.0657,0.9199,-0.3865,2.4544,-0.3172,0.3865,0.8660,8.1815},
   {0.9457,0.0658,0.3184,1.6437,0.0658,0.9203,-0.3855,2.4656,-0.3184,0.3855,0.8660,8.2186},
   {0.9453,0.0659,0.3196,1.6512,0.0659,0.9208,-0.3845,2.4767,-0.3196,0.3845,0.8660,8.2558},
   {0.9449,0.0659,0.3208,1.6586,0.0659,0.9212,-0.3835,2.4879,-0.3208,0.3835,0.8660,8.2930},
   {0.9444,0.0660,0.3220,1.6660,0.0660,0.9216,-0.3825,2.4991,-0.3220,0.3825,0.8660,8.3302},
   {0.9440,0.0661,0.3232,1.6735,0.0661,0.9220,-0.3815,2.5102,-0.3232,0.3815,0.8660,8.3673},
   {0.9436,0.0661,0.3244,1.6809,0.0661,0.9224,-0.3805,2.5214,-0.3244,0.3805,0.8660,8.4045},
   {0.9432,0.0662,0.3256,1.6883,0.0662,0.9228,-0.3795,2.5325,-0.3256,0.3795,0.8660,8.4417},
   {0.9428,0.0663,0.3268,1.6958,0.0663,0.9232,-0.3785,2.5436,-0.3268,0.3785,0.8660,8.4788},
   {0.9424,0.0663,0.3279,1.7032,0.0663,0.9237,-0.3774,2.5548,-0.3279,0.3774,0.8660,8.5160},
   {0.9419,0.0664,0.3291,1.7106,0.0664,0.9241,-0.3764,2.5659,-0.3291,0.3764,0.8660,8.5531},
   {0.9415,0.0664,0.3303,1.7181,0.0664,0.9245,-0.3754,2.5771,-0.3303,0.3754,0.8660,8.5903},
   {0.9411,0.0665,0.3315,1.7255,0.0665,0.9249,-0.3743,2.5882,-0.3315,0.3743,0.8660,8.6274},
   {0.9407,0.0665,0.3327,1.7329,0.0665,0.9253,-0.3733,2.5994,-0.3327,0.3733,0.8660,8.6645},
   {0.9403,0.0666,0.3338,1.7403,0.0666,0.9257,-0.3722,2.6105,-0.3338,0.3722,0.8660,8.7017},
   {0.9399,0.0666,0.3350,1.7478,0.0666,0.9262,-0.3712,2.6216,-0.3350,0.3712,0.8660,8.7388},
   {0.9394,0.0667,0.3362,1.7552,0.0667,0.9266,-0.3701,2.6328,-0.3362,0.3701,0.8660,8.7759},
   {0.9390,0.0667,0.3373,1.7626,0.0667,0.9270,-0.3691,2.6439,-0.3373,0.3691,0.8660,8.8130},
   {0.9386,0.0668,0.3385,1.7700,0.0668,0.9274,-0.3680,2.6550,-0.3385,0.3680,0.8660,8.8501},
   {0.9382,0.0668,0.3396,1.7774,0.0668,0.9278,-0.3670,2.6662,-0.3396,0.3670,0.8660,8.8872},
   {0.9378,0.0668,0.3408,1.7849,0.0668,0.9283,-0.3659,2.6773,-0.3408,0.3659,0.8660,8.9243},
   {0.9373,0.0668,0.3419,1.7923,0.0668,0.9287,-0.3648,2.6884,-0.3419,0.3648,0.8660,8.9614},
   {0.9369,0.0669,0.3431,1.7997,0.0669,0.9291,-0.3637,2.6995,-0.3431,0.3637,0.8660,8.9985},
   {0.9365,0.0669,0.3442,1.8071,0.0669,0.9295,-0.3627,2.7107,-0.3442,0.3627,0.8660,9.0356},
   {0.9361,0.0669,0.3453,1.8145,0.0669,0.9299,-0.3616,2.7218,-0.3453,0.3616,0.8660,9.0726},
   {0.9357,0.0669,0.3465,1.8219,0.0669,0.9304,-0.3605,2.7329,-0.3465,0.3605,0.8660,9.1097},
   {0.9353,0.0669,0.3476,1.8294,0.0669,0.9308,-0.3594,2.7440,-0.3476,0.3594,0.8660,9.1468},
   {0.9348,0.0670,0.3487,1.8368,0.0670,0.9312,-0.3583,2.7552,-0.3487,0.3583,0.8660,9.1838},
   {0.9344,0.0670,0.3498,1.8442,0.0670,0.9316,-0.3572,2.7663,-0.3498,0.3572,0.8660,9.2209},
   {0.9340,0.0670,0.3510,1.8516,0.0670,0.9320,-0.3561,2.7774,-0.3510,0.3561,0.8660,9.2579},
   {0.9336,0.0670,0.3521,1.8590,0.0670,0.9325,-0.3550,2.7885,-0.3521,0.3550,0.8660,9.2950},
   {0.9332,0.0670,0.3532,1.8664,0.0670,0.9329,-0.3539,2.7996,-0.3532,0.3539,0.8660,9.3320},
   {0.9327,0.0670,0.3543,1.8738,0.0670,0.9333,-0.3528,2.8107,-0.3543,0.3528,0.8660,9.3691},
   {0.9323,0.0670,0.3554,1.8812,0.0670,0.9337,-0.3517,2.8218,-0.3554,0.3517,0.8660,9.4061},
   {0.9319,0.0670,0.3565,1.8886,0.0670,0.9341,-0.3506,2.8329,-0.3565,0.3506,0.8660,9.4431},
   {0.9315,0.0670,0.3576,1.8960,0.0670,0.9346,-0.3495,2.8440,-0.3576,0.3495,0.8660,9.4801},
   {0.9311,0.0670,0.3587,1.9034,0.0670,0.9350,-0.3483,2.8551,-0.3587,0.3483,0.8660,9.5171},
   {0.9306,0.0669,0.3598,1.9108,0.0669,0.9354,-0.3472,2.8662,-0.3598,0.3472,0.8660,9.5542},
   {0.9302,0.0669,0.3609,1.9182,0.0669,0.9358,-0.3461,2.8773,-0.3609,0.3461,0.8660,9.5912},
   {0.9298,0.0669,0.3619,1.9256,0.0669,0.9362,-0.3450,2.8884,-0.3619,0.3450,0.8660,9.6282},
   {0.9294,0.0669,0.3630,1.9330,0.0669,0.9366,-0.3438,2.8995,-0.3630,0.3438,0.8660,9.6651},
   {0.9290,0.0669,0.3641,1.9404,0.0669,0.9371,-0.3427,2.9106,-0.3641,0.3427,0.8660,9.7021},
   {0.9285,0.0668,0.3652,1.9478,0.0668,0.9375,-0.3415,2.9217,-0.3652,0.3415,0.8660,9.7391},
   {0.9281,0.0668,0.3662,1.9552,0.0668,0.9379,-0.3404,2.9328,-0.3662,0.3404,0.8660,9.7761},
   {0.9277,0.0668,0.3673,1.9626,0.0668,0.9383,-0.3392,2.9439,-0.3673,0.3392,0.8660,9.8131},
   {0.9273,0.0667,0.3684,1.9700,0.0667,0.9387,-0.3381,2.9550,-0.3684,0.3381,0.8660,9.8500},
   {0.9269,0.0667,0.3694,1.9774,0.0667,0.9392,-0.3369,2.9661,-0.3694,0.3369,0.8660,9.8870},
   {0.9264,0.0667,0.3705,1.9848,0.0667,0.9396,-0.3358,2.9772,-0.3705,0.3358,0.8660,9.9239},
   {0.9260,0.0666,0.3715,1.9922,0.0666,0.9400,-0.3346,2.9883,-0.3715,0.3346,0.8660,9.9609},
   {0.9256,0.0666,0.3726,1.9996,0.0666,0.9404,-0.3335,2.9993,-0.3726,0.3335,0.8660,9.9978},
   {0.9252,0.0665,0.3736,2.0069,0.0665,0.9408,-0.3323,3.0104,-0.3736,0.3323,0.8660,10.0347},
   {0.9248,0.0665,0.3746,2.0143,0.0665,0.9412,-0.3311,3.0215,-0.3746,0.3311,0.8660,10.0717},
   {0.9244,0.0664,0.3757,2.0217,0.0664,0.9417,-0.3299,3.0326,-0.3757,0.3299,0.8660,10.1086},
   {0.9240,0.0664,0.3767,2.0291,0.0664,0.9421,-0.3288,3.0437,-0.3767,0.3288,0.8660,10.1455},
   {0.9235,0.0663,0.3777,2.0365,0.0663,0.9425,-0.3276,3.0547,-0.3777,0.3276,0.8660,10.1824},
   {0.9231,0.0663,0.3788,2.0439,0.0663,0.9429,-0.3264,3.0658,-0.3788,0.3264,0.8660,10.2193},
   {0.9227,0.0662,0.3798,2.0512,0.0662,0.9433,-0.3252,3.0769,-0.3798,0.3252,0.8660,10.2562},
   {0.9223,0.0661,0.3808,2.0586,0.0661,0.9437,-0.3240,3.0879,-0.3808,0.3240,0.8660,10.2931},
   {0.9219,0.0661,0.3818,2.0660,0.0661,0.9441,-0.3228,3.0990,-0.3818,0.3228,0.8660,10.3300},
   {0.9215,0.0660,0.3828,2.0734,0.0660,0.9446,-0.3216,3.1101,-0.3828,0.3216,0.8660,10.3669},
   {0.9211,0.0659,0.3838,2.0808,0.0659,0.9450,-0.3204,3.1211,-0.3838,0.3204,0.8660,10.4038},
   {0.9206,0.0658,0.3848,2.0881,0.0658,0.9454,-0.3192,3.1322,-0.3848,0.3192,0.8660,10.4406},
   {0.9202,0.0658,0.3858,2.0955,0.0658,0.9458,-0.3180,3.1433,-0.3858,0.3180,0.8660,10.4775},
   {0.9198,0.0657,0.3868,2.1029,0.0657,0.9462,-0.3168,3.1543,-0.3868,0.3168,0.8660,10.5144},
   {0.9194,0.0656,0.3878,2.1102,0.0656,0.9466,-0.3156,3.1654,-0.3878,0.3156,0.8660,10.5512},
   {0.9190,0.0655,0.3888,2.1176,0.0655,0.9470,-0.3144,3.1764,-0.3888,0.3144,0.8660,10.5881},
   {0.9186,0.0654,0.3898,2.1250,0.0654,0.9474,-0.3132,3.1875,-0.3898,0.3132,0.8660,10.6249},
   {0.9182,0.0653,0.3907,2.1324,0.0653,0.9478,-0.3120,3.1985,-0.3907,0.3120,0.8660,10.6618},
   {0.9178,0.0652,0.3917,2.1397,0.0652,0.9483,-0.3107,3.2096,-0.3917,0.3107,0.8660,10.6986},
   {0.9174,0.0651,0.3927,2.1471,0.0651,0.9487,-0.3095,3.2206,-0.3927,0.3095,0.8660,10.7354},
   {0.9170,0.0650,0.3936,2.1544,0.0650,0.9491,-0.3083,3.2317,-0.3936,0.3083,0.8660,10.7722},
   {0.9166,0.0649,0.3946,2.1618,0.0649,0.9495,-0.3071,3.2427,-0.3946,0.3071,0.8660,10.8090},
   {0.9161,0.0648,0.3956,2.1692,0.0648,0.9499,-0.3058,3.2538,-0.3956,0.3058,0.8660,10.8458},
   {0.9157,0.0647,0.3965,2.1765,0.0647,0.9503,-0.3046,3.2648,-0.3965,0.3046,0.8660,10.8826},
   {0.9153,0.0646,0.3975,2.1839,0.0646,0.9507,-0.3033,3.2758,-0.3975,0.3033,0.8660,10.9194},
   {0.9149,0.0645,0.3984,2.1912,0.0645,0.9511,-0.3021,3.2869,-0.3984,0.3021,0.8660,10.9562},
   {0.9145,0.0644,0.3994,2.1986,0.0644,0.9515,-0.3009,3.2979,-0.3994,0.3009,0.8660,10.9930},
   {0.9141,0.0643,0.4003,2.2060,0.0643,0.9519,-0.2996,3.3089,-0.4003,0.2996,0.8660,11.0298},
   {0.9137,0.0642,0.4012,2.2133,0.0642,0.9523,-0.2984,3.3200,-0.4012,0.2984,0.8660,11.0665},
   {0.9133,0.0640,0.4022,2.2207,0.0640,0.9527,-0.2971,3.3310,-0.4022,0.2971,0.8660,11.1033},
   {0.9129,0.0639,0.4031,2.2280,0.0639,0.9531,-0.2958,3.3420,-0.4031,0.2958,0.8660,11.1400},
   {0.9125,0.0638,0.4040,2.2354,0.0638,0.9535,-0.2946,3.3530,-0.4040,0.2946,0.8660,11.1768},
   {0.9121,0.0636,0.4049,2.2427,0.0636,0.9539,-0.2933,3.3641,-0.4049,0.2933,0.8660,11.2135},
   {0.9117,0.0635,0.4058,2.2501,0.0635,0.9543,-0.2921,3.3751,-0.4058,0.2921,0.8660,11.2503},
   {0.9113,0.0634,0.4067,2.2574,0.0634,0.9547,-0.2908,3.3861,-0.4067,0.2908,0.8660,11.2870},
   {0.9109,0.0632,0.4077,2.2647,0.0632,0.9551,-0.2895,3.3971,-0.4077,0.2895,0.8660,11.3237},
   {0.9105,0.0631,0.4086,2.2721,0.0631,0.9555,-0.2882,3.4081,-0.4086,0.2882,0.8660,11.3604},
   {0.9102,0.0630,0.4095,2.2794,0.0630,0.9559,-0.2870,3.4191,-0.4095,0.2870,0.8660,11.3972},
   {0.9098,0.0628,0.4103,2.2868,0.0628,0.9563,-0.2857,3.4302,-0.4103,0.2857,0.8660,11.4339},
   {0.9094,0.0627,0.4112,2.2941,0.0627,0.9567,-0.2844,3.4412,-0.4112,0.2844,0.8660,11.4706},
   {0.9090,0.0625,0.4121,2.3014,0.0625,0.9570,-0.2831,3.4522,-0.4121,0.2831,0.8660,11.5072},
   {0.9086,0.0624,0.4130,2.3088,0.0624,0.9574,-0.2818,3.4632,-0.4130,0.2818,0.8660,11.5439},
   {0.9082,0.0622,0.4139,2.3161,0.0622,0.9578,-0.2805,3.4742,-0.4139,0.2805,0.8660,11.5806},
   {0.9078,0.0621,0.4148,2.3235,0.0621,0.9582,-0.2792,3.4852,-0.4148,0.2792,0.8660,11.6173},
   {0.9074,0.0619,0.4156,2.3308,0.0619,0.9586,-0.2780,3.4962,-0.4156,0.2780,0.8660,11.6539},
   {0.9070,0.0617,0.4165,2.3381,0.0617,0.9590,-0.2767,3.5072,-0.4165,0.2767,0.8660,11.6906},
   {0.9067,0.0616,0.4173,2.3454,0.0616,0.9594,-0.2754,3.5182,-0.4173,0.2754,0.8660,11.7272},
   {0.9063,0.0614,0.4182,2.3528,0.0614,0.9598,-0.2741,3.5292,-0.4182,0.2741,0.8660,11.7639},
   {0.9059,0.0613,0.4191,2.3601,0.0613,0.9601,-0.2727,3.5402,-0.4191,0.2727,0.8660,11.8005},
   {0.9055,0.0611,0.4199,2.3674,0.0611,0.9605,-0.2714,3.5511,-0.4199,0.2714,0.8660,11.8372},
   {0.9051,0.0609,0.4208,2.3748,0.0609,0.9609,-0.2701,3.5621,-0.4208,0.2701,0.8660,11.8738},
   {0.9047,0.0607,0.4216,2.3821,0.0607,0.9613,-0.2688,3.5731,-0.4216,0.2688,0.8660,11.9104},
   {0.9044,0.0606,0.4224,2.3894,0.0606,0.9617,-0.2675,3.5841,-0.4224,0.2675,0.8660,11.9470},
   {0.9040,0.0604,0.4233,2.3967,0.0604,0.9620,-0.2662,3.5951,-0.4233,0.2662,0.8660,11.9836},
   {0.9036,0.0602,0.4241,2.4040,0.0602,0.9624,-0.2649,3.6061,-0.4241,0.2649,0.8660,12.0202},
   {0.9032,0.0600,0.4249,2.4114,0.0600,0.9628,-0.2635,3.6170,-0.4249,0.2635,0.8660,12.0568},
   {0.9029,0.0598,0.4257,2.4187,0.0598,0.9632,-0.2622,3.6280,-0.4257,0.2622,0.8660,12.0934},
   {0.9025,0.0596,0.4265,2.4260,0.0596,0.9635,-0.2609,3.6390,-0.4265,0.2609,0.8660,12.1300},
   {0.9021,0.0594,0.4274,2.4333,0.0594,0.9639,-0.2596,3.6500,-0.4274,0.2596,0.8660,12.1665},
   {0.9018,0.0592,0.4282,2.4406,0.0592,0.9643,-0.2582,3.6609,-0.4282,0.2582,0.8660,12.2031},
   {0.9014,0.0591,0.4290,2.4479,0.0591,0.9646,-0.2569,3.6719,-0.4290,0.2569,0.8660,12.2396},
   {0.9010,0.0589,0.4298,2.4552,0.0589,0.9650,-0.2555,3.6829,-0.4298,0.2555,0.8660,12.2762},
   {0.9007,0.0587,0.4306,2.4625,0.0587,0.9654,-0.2542,3.6938,-0.4306,0.2542,0.8660,12.3127},
   {0.9003,0.0585,0.4313,2.4699,0.0585,0.9657,-0.2529,3.7048,-0.4313,0.2529,0.8660,12.3493},
   {0.8999,0.0582,0.4321,2.4772,0.0582,0.9661,-0.2515,3.7157,-0.4321,0.2515,0.8660,12.3858},
   {0.8996,0.0580,0.4329,2.4845,0.0580,0.9665,-0.2502,3.7267,-0.4329,0.2502,0.8660,12.4223},
   {0.8992,0.0578,0.4337,2.4918,0.0578,0.9668,-0.2488,3.7377,-0.4337,0.2488,0.8660,12.4588},
   {0.8988,0.0576,0.4345,2.4991,0.0576,0.9672,-0.2475,3.7486,-0.4345,0.2475,0.8660,12.4953},
   {0.8985,0.0574,0.4352,2.5064,0.0574,0.9675,-0.2461,3.7596,-0.4352,0.2461,0.8660,12.5318},
   {0.8981,0.0572,0.4360,2.5137,0.0572,0.9679,-0.2448,3.7705,-0.4360,0.2448,0.8660,12.5683},
   {0.8978,0.0570,0.4368,2.5210,0.0570,0.9683,-0.2434,3.7814,-0.4368,0.2434,0.8660,12.6048},
   {0.8974,0.0567,0.4375,2.5283,0.0567,0.9686,-0.2420,3.7924,-0.4375,0.2420,0.8660,12.6413},
   {0.8971,0.0565,0.4383,2.5356,0.0565,0.9690,-0.2407,3.8033,-0.4383,0.2407,0.8660,12.6778},
   {0.8967,0.0563,0.4390,2.5428,0.0563,0.9693,-0.2393,3.8143,-0.4390,0.2393,0.8660,12.7142},
   {0.8964,0.0561,0.4398,2.5501,0.0561,0.9697,-0.2379,3.8252,-0.4398,0.2379,0.8660,12.7507},
   {0.8960,0.0558,0.4405,2.5574,0.0558,0.9700,-0.2366,3.8361,-0.4405,0.2366,0.8660,12.7871},
   {0.8957,0.0556,0.4412,2.5647,0.0556,0.9704,-0.2352,3.8471,-0.4412,0.2352,0.8660,12.8236},
   {0.8953,0.0554,0.4420,2.5720,0.0554,0.9707,-0.2338,3.8580,-0.4420,0.2338,0.8660,12.8600},
   {0.8950,0.0551,0.4427,2.5793,0.0551,0.9710,-0.2325,3.8689,-0.4427,0.2325,0.8660,12.8964},
   {0.8946,0.0549,0.4434,2.5866,0.0549,0.9714,-0.2311,3.8799,-0.4434,0.2311,0.8660,12.9329},
   {0.8943,0.0547,0.4441,2.5939,0.0547,0.9717,-0.2297,3.8908,-0.4441,0.2297,0.8660,12.9693},
   {0.8940,0.0544,0.4448,2.6011,0.0544,0.9721,-0.2283,3.9017,-0.4448,0.2283,0.8660,13.0057},
   {0.8936,0.0542,0.4455,2.6084,0.0542,0.9724,-0.2269,3.9126,-0.4455,0.2269,0.8660,13.0421},
   {0.8933,0.0539,0.4462,2.6157,0.0539,0.9727,-0.2255,3.9235,-0.4462,0.2255,0.8660,13.0785},
   {0.8930,0.0537,0.4469,2.6230,0.0537,0.9731,-0.2242,3.9345,-0.4469,0.2242,0.8660,13.1148},
   {0.8926,0.0534,0.4476,2.6302,0.0534,0.9734,-0.2228,3.9454,-0.4476,0.2228,0.8660,13.1512},
   {0.8923,0.0532,0.4483,2.6375,0.0532,0.9737,-0.2214,3.9563,-0.4483,0.2214,0.8660,13.1876},
   {0.8920,0.0529,0.4490,2.6448,0.0529,0.9741,-0.2200,3.9672,-0.4490,0.2200,0.8660,13.2240},
   {0.8916,0.0527,0.4497,2.6521,0.0527,0.9744,-0.2186,3.9781,-0.4497,0.2186,0.8660,13.2603},
   {0.8913,0.0524,0.4504,2.6593,0.0524,0.9747,-0.2172,3.9890,-0.4504,0.2172,0.8660,13.2967},
   {0.8910,0.0522,0.4510,2.6666,0.0522,0.9750,-0.2158,3.9999,-0.4510,0.2158,0.8660,13.3330},
   {0.8907,0.0519,0.4517,2.6739,0.0519,0.9754,-0.2144,4.0108,-0.4517,0.2144,0.8660,13.3693},
   {0.8903,0.0516,0.4524,2.6811,0.0516,0.9757,-0.2130,4.0217,-0.4524,0.2130,0.8660,13.4056},
   {0.8900,0.0514,0.4530,2.6884,0.0514,0.9760,-0.2116,4.0326,-0.4530,0.2116,0.8660,13.4420},
   {0.8897,0.0511,0.4537,2.6957,0.0511,0.9763,-0.2102,4.0435,-0.4537,0.2102,0.8660,13.4783},
   {0.8894,0.0508,0.4543,2.7029,0.0508,0.9766,-0.2088,4.0544,-0.4543,0.2088,0.8660,13.5146},
   {0.8891,0.0506,0.4550,2.7102,0.0506,0.9770,-0.2073,4.0653,-0.4550,0.2073,0.8660,13.5509},
   {0.8888,0.0503,0.4556,2.7174,0.0503,0.9773,-0.2059,4.0761,-0.4556,0.2059,0.8660,13.5871},
   {0.8884,0.0500,0.4563,2.7247,0.0500,0.9776,-0.2045,4.0870,-0.4563,0.2045,0.8660,13.6234},
   {0.8881,0.0497,0.4569,2.7319,0.0497,0.9779,-0.2031,4.0979,-0.4569,0.2031,0.8660,13.6597},
   {0.8878,0.0494,0.4575,2.7392,0.0494,0.9782,-0.2017,4.1088,-0.4575,0.2017,0.8660,13.6959},
   {0.8875,0.0492,0.4581,2.7464,0.0492,0.9785,-0.2003,4.1197,-0.4581,0.2003,0.8660,13.7322},
   {0.8872,0.0489,0.4588,2.7537,0.0489,0.9788,-0.1988,4.1305,-0.4588,0.1988,0.8660,13.7684},
   {0.8869,0.0486,0.4594,2.7609,0.0486,0.9791,-0.1974,4.1414,-0.4594,0.1974,0.8660,13.8047},
   {0.8866,0.0483,0.4600,2.7682,0.0483,0.9794,-0.1960,4.1523,-0.4600,0.1960,0.8660,13.8409},
   {0.8863,0.0480,0.4606,2.7754,0.0480,0.9797,-0.1945,4.1631,-0.4606,0.1945,0.8660,13.8771},
   {0.8860,0.0477,0.4612,2.7827,0.0477,0.9800,-0.1931,4.1740,-0.4612,0.1931,0.8660,13.9133},
   {0.8857,0.0474,0.4618,2.7899,0.0474,0.9803,-0.1917,4.1849,-0.4618,0.1917,0.8660,13.9496},
   {0.8854,0.0471,0.4624,2.7972,0.0471,0.9806,-0.1903,4.1957,-0.4624,0.1903,0.8660,13.9858},
   {0.8851,0.0468,0.4630,2.8044,0.0468,0.9809,-0.1888,4.2066,-0.4630,0.1888,0.8660,14.0219},
   {0.8848,0.0465,0.4636,2.8116,0.0465,0.9812,-0.1874,4.2174,-0.4636,0.1874,0.8660,14.0581},
   {0.8846,0.0462,0.4641,2.8189,0.0462,0.9815,-0.1859,4.2283,-0.4641,0.1859,0.8660,14.0943},
   {0.8843,0.0459,0.4647,2.8261,0.0459,0.9818,-0.1845,4.2391,-0.4647,0.1845,0.8660,14.1305},
   {0.8840,0.0456,0.4653,2.8333,0.0456,0.9820,-0.1831,4.2500,-0.4653,0.1831,0.8660,14.1666},
   {0.8837,0.0453,0.4658,2.8406,0.0453,0.9823,-0.1816,4.2608,-0.4658,0.1816,0.8660,14.2028},
   {0.8834,0.0450,0.4664,2.8478,0.0450,0.9826,-0.1802,4.2717,-0.4664,0.1802,0.8660,14.2389},
   {0.8831,0.0447,0.4670,2.8550,0.0447,0.9829,-0.1787,4.2825,-0.4670,0.1787,0.8660,14.2751},
   {0.8829,0.0444,0.4675,2.8622,0.0444,0.9832,-0.1773,4.2934,-0.4675,0.1773,0.8660,14.3112},
   {0.8826,0.0441,0.4681,2.8695,0.0441,0.9834,-0.1758,4.3042,-0.4681,0.1758,0.8660,14.3473},
   {0.8823,0.0438,0.4686,2.8767,0.0438,0.9837,-0.1744,4.3150,-0.4686,0.1744,0.8660,14.3834},
   {0.8821,0.0435,0.4691,2.8839,0.0435,0.9840,-0.1729,4.3259,-0.4691,0.1729,0.8660,14.4195},
   {0.8818,0.0432,0.4697,2.8911,0.0432,0.9842,-0.1715,4.3367,-0.4697,0.1715,0.8660,14.4556},
   {0.8815,0.0428,0.4702,2.8983,0.0428,0.9845,-0.1700,4.3475,-0.4702,0.1700,0.8660,14.4917},
   {0.8813,0.0425,0.4707,2.9056,0.0425,0.9848,-0.1686,4.3583,-0.4707,0.1686,0.8660,14.5278},
   {0.8810,0.0422,0.4713,2.9128,0.0422,0.9850,-0.1671,4.3691,-0.4713,0.1671,0.8660,14.5638},
   {0.8807,0.0419,0.4718,2.9200,0.0419,0.9853,-0.1656,4.3800,-0.4718,0.1656,0.8660,14.5999},
   {0.8805,0.0416,0.4723,2.9272,0.0416,0.9856,-0.1642,4.3908,-0.4723,0.1642,0.8660,14.6359},
   {0.8802,0.0412,0.4728,2.9344,0.0412,0.9858,-0.1627,4.4016,-0.4728,0.1627,0.8660,14.6720},
   {0.8800,0.0409,0.4733,2.9416,0.0409,0.9861,-0.1612,4.4124,-0.4733,0.1612,0.8660,14.7080},
   {0.8797,0.0406,0.4738,2.9488,0.0406,0.9863,-0.1598,4.4232,-0.4738,0.1598,0.8660,14.7440},
   {0.8795,0.0402,0.4743,2.9560,0.0402,0.9866,-0.1583,4.4340,-0.4743,0.1583,0.8660,14.7801},
   {0.8792,0.0399,0.4748,2.9632,0.0399,0.9868,-0.1568,4.4448,-0.4748,0.1568,0.8660,14.8161},
   {0.8790,0.0396,0.4752,2.9704,0.0396,0.9871,-0.1554,4.4556,-0.4752,0.1554,0.8660,14.8521},
   {0.8787,0.0392,0.4757,2.9776,0.0392,0.9873,-0.1539,4.4664,-0.4757,0.1539,0.8660,14.8881},
   {0.8785,0.0389,0.4762,2.9848,0.0389,0.9875,-0.1524,4.4772,-0.4762,0.1524,0.8660,14.9241},
   {0.8782,0.0386,0.4767,2.9920,0.0386,0.9878,-0.1510,4.4880,-0.4767,0.1510,0.8660,14.9600},
   {0.8780,0.0382,0.4771,2.9992,0.0382,0.9880,-0.1495,4.4988,-0.4771,0.1495,0.8660,14.9960},
   {0.8778,0.0379,0.4776,3.0064,0.0379,0.9883,-0.1480,4.5096,-0.4776,0.1480,0.8660,15.0320},
   {0.8775,0.0375,0.4780,3.0136,0.0375,0.9885,-0.1465,4.5204,-0.4780,0.1465,0.8660,15.0679},
   {0.8773,0.0372,0.4785,3.0208,0.0372,0.9887,-0.1450,4.5312,-0.4785,0.1450,0.8660,15.1039},
   {0.8771,0.0368,0.4789,3.0280,0.0368,0.9890,-0.1436,4.5419,-0.4789,0.1436,0.8660,15.1398},
   {0.8768,0.0365,0.4794,3.0351,0.0365,0.9892,-0.1421,4.5527,-0.4794,0.1421,0.8660,15.1757},
   {0.8766,0.0362,0.4798,3.0423,0.0362,0.9894,-0.1406,4.5635,-0.4798,0.1406,0.8660,15.2116},
   {0.8764,0.0358,0.4803,3.0495,0.0358,0.9896,-0.1391,4.5743,-0.4803,0.1391,0.8660,15.2475},
   {0.8762,0.0355,0.4807,3.0567,0.0355,0.9898,-0.1376,4.5850,-0.4807,0.1376,0.8660,15.2834},
   {0.8760,0.0351,0.4811,3.0639,0.0351,0.9901,-0.1361,4.5958,-0.4811,0.1361,0.8660,15.3193},
   {0.8757,0.0347,0.4815,3.0710,0.0347,0.9903,-0.1347,4.6066,-0.4815,0.1347,0.8660,15.3552},
   {0.8755,0.0344,0.4819,3.0782,0.0344,0.9905,-0.1332,4.6173,-0.4819,0.1332,0.8660,15.3911},
   {0.8753,0.0340,0.4823,3.0854,0.0340,0.9907,-0.1317,4.6281,-0.4823,0.1317,0.8660,15.4269},
   {0.8751,0.0337,0.4828,3.0926,0.0337,0.9909,-0.1302,4.6388,-0.4828,0.1302,0.8660,15.4628},
   {0.8749,0.0333,0.4832,3.0997,0.0333,0.9911,-0.1287,4.6496,-0.4832,0.1287,0.8660,15.4986},
   {0.8747,0.0330,0.4835,3.1069,0.0330,0.9913,-0.1272,4.6603,-0.4835,0.1272,0.8660,15.5345},
   {0.8745,0.0326,0.4839,3.1141,0.0326,0.9915,-0.1257,4.6711,-0.4839,0.1257,0.8660,15.5703},
   {0.8743,0.0322,0.4843,3.1212,0.0322,0.9917,-0.1242,4.6818,-0.4843,0.1242,0.8660,15.6061},
   {0.8741,0.0319,0.4847,3.1284,0.0319,0.9919,-0.1227,4.6926,-0.4847,0.1227,0.8660,15.6419},
   {0.8739,0.0315,0.4851,3.1355,0.0315,0.9921,-0.1212,4.7033,-0.4851,0.1212,0.8660,15.6777},
   {0.8737,0.0311,0.4855,3.1427,0.0311,0.9923,-0.1197,4.7141,-0.4855,0.1197,0.8660,15.7135},
   {0.8735,0.0308,0.4858,3.1499,0.0308,0.9925,-0.1182,4.7248,-0.4858,0.1182,0.8660,15.7493},
   {0.8733,0.0304,0.4862,3.1570,0.0304,0.9927,-0.1167,4.7355,-0.4862,0.1167,0.8660,15.7851},
   {0.8731,0.0300,0.4865,3.1642,0.0300,0.9929,-0.1152,4.7463,-0.4865,0.1152,0.8660,15.8209},
